18
105
163
259
357
408
432
497
520
591
613
699
793
836
935
993
1006
1085
1113
1207
1239
1260
1337
1380
1477
1508
1546
1573
1630
1668
1734
1746
1781
1820
1836
1912
1953
2041
2100
2188
2213
2230
2324
2391
2424
2453
2541
2589
2665
2756
2814
2842
2940
3017
3114
3182
3263
3292
3391
3452
3463
3562
3635
3679
3761
3787
3819
3885
3973
4048
4081
4152
4163
4251
4325
4369
4424
4457
4545
4631
4653
4709
4765
4787
4830
4871
4892
4955
5011
5044
5115
5214
5262
5335
5420
5502
5561
5656
5721
5774
5796
5842
5928
5975
5987
6005
6054
6126
6150
6189
6274
6313
6332
6430
6528
6539
6598
6681
6735
6753
6814
6848
6900
6965
7004
7058
7101
7193
7292
7335
7417
7513
7606
7637
7692
7733
7771
7812
7828
7881
7925
8004
8103
8156
8243
8287
8351
8448
8513
8532
8619
8636
8720
8752
8815
8879
8908
8976
8993
9012
9058
9089
9108
9194
9237
9283
9310
9399
9494
9543
9604
9678
9723
9812
9903
9935
9986
10064
10151
10233
10285
10347
10409
10508
10539
10632
10681
10744
10759
10784
10799
10812
10871
10928
10969
11045
11144
11243
11314
11330
11375
11457
11510
11558
11624
11670
11692
11703
11719
11753
11779
11867
11912
12000
12022
12059
12143
12207
12302
12391
12424
12512
12528
12562
12660
12709
12728
12766
12779
12824
12846
12893
12929
13026
13108
13159
13234
13290
13357
13415
13437
13506
13598
13682
13701
13745
13767
13819
13885
13931
13973
14031
14085
14148
14231
14285
14354
14391
14463
14512
14609
14643
14655
14673
14717
14785
14860
14878
14899
14937
14948
15012
15023
15098
15119
15143
15230
15306
15383
15460
15499
15576
15617
15704
15789
15844
15869
15941
15985
16046
16062
16083
16144
16162
16243
16314
16348
16405
16420
16443
16522
16610
16648
16734
16795
16810
16849
16896
16951
16966
17030
17049
17076
17154
17176
17234
17256
17294
17346
17439
17478
17543
17604
17698
17780
17872
17924
17978
18006
18069
18090
18101
18160
18215
18301
18334
18357
18409
18468
18517
18573
18649
18720
18771
18785
18854
18922
18985
19073
19137
19225
19239
19290
19333
19422
19477
19572
19596
19608
19707
19770
19859
19913
19982
20060
20152
20178
20253
20265
20353
20412
20465
20563
20595
20667
20759
20837
20929
21008
21103
21124
21178
21271
21315
21333
21374
21430
21483
21502
21513
21605
21674
21685
21784
21853
21928
21945
22026
22047
22138
22154
22203
22298
22362
22401
22463
22508
22550
22605
22677
22762
22844
22858
22957
23043
23125
23194
23221
23298
23376
23445
23456
23475
23537
23625
23667
23739
23781
23804
23856
23878
23904
23988
24001
24079
24170
24252
24334
24376
24414
24426
24480
24498
24584
24651
24696
24711
24770
24786
24859
24893
24925
24978
25034
25087
25169
25263
25312
25368
25432
25457
25531
25567
25600
25681
25695
25714
25778
25819
25906
25971
26010
26066
26091
26180
26278
26294
26326
26385
26439
26527
26611
26679
26716
26782
26880
26945
27038
27061
27093
27137
27228
27253
27322
27384
27465
27487
27501
27536
27632
27721
27783
27877
27892
27931
28013
28076
28171
28246
28312
28347
28435
28470
28533
28551
28584
28641
28669
28762
28817
28844
28866
28922
28994
29075
29097
29156
29229
29267
29278
29315
29402
29490
29513
29604
29701
29788
29806
29887
29951
30048
30147
30226
30257
30326
30417
30433
30510
30567
30585
30681
30765
30802
30864
30887
30978
31076
31113
31124
31178
31206
31234
31248
31260
31301
31343
31405
31482
31500
31558
31624
31715
31749
31833
31892
31946
32002
32036
32071
32115
32149
32171
32210
32254
32333
32386
32419
32444
32459
32511
32543
32560
32592
32676
32722
32734
32803
32865
32951
32973
32985
32996
33034
33096
33130
33181
33223
33255
33277
33365
33410
33452
33496
33570
33647
33659
33718
33746
33817
33835
33884
33939
33964
33986
34027
34076
34138
34154
34229
34265
34278
34373
34417
34512
34609
34650
34677
34712
34806
34819
34834
34897
34920
34979
35045
35122
35135
35220
35263
35319
35364
35418
35504
35549
35582
35627
35715
35767
35818
35909
35948
35991
36079
36110
36203
36236
36328
36389
36433
36525
36557
36594
36607
36640
36699
36752
36795
36880
36933
36988
37003
37037
37101
37114
37158
37175
37210
37291
37306
37358
37447
37511
37546
37642
37707
37768
37826
37905
37993
38039
38075
38152
38189
38221
38243
38270
38354
38438
38485
38507
38582
38648
38734
38817
38895
38948
39003
39074
39103
39150
39227
39294
39348
39436
39513
39612
39667
39718
39803
39887
39948
39986
40003
40034
40062
40155
40226
40293
40349
40426
40465
40491
40575
40667
40743
40806
40821
40842
40900
40934
40961
41035
41121
41219
41234
41287
41314
41372
41437
41483
41525
41557
41643
41709
41807
41869
41922
42019
42051
42128
42183
42196
42271
42290
42358
42393
42442
42493
42559
42641
42654
42749
42836
42868
42887
42950
43027
43092
43107
43188
43276
43331
43420
43511
43553
43618
43693
43744
43830
43847
43863
43887
43939
43996
44054
44102
44175
44214
44258
44321
44408
44437
44453
44521
44607
44634
44647
44722
44788
44876
44955
45038
45056
45153
45241
45270
45293
45367
45420
45456
45484
45511
45528
45612
45635
45669
45680
45737
45803
45837
45879
45923
45989
46034
46063
46138
46211
46299
46382
46459
46537
46566
46583
46640
46708
46790
46811
46910
46955
46969
47008
47047
47069
47161
47179
47278
47349
47403
47428
47472
47529
47626
47661
47725
47791
47839
47890
47973
48040
48088
48145
48167
48224
48305
48381
48422
48454
48505
48554
48645
48721
48753
48817
48909
48920
48998
49015
49037
49106
49150
49161
49210
49246
49319
49387
49433
49511
49539
49628
49684
49696
49783
49825
49901
49978
50040
50053
50107
50126
50162
50189
50266
50304
50351
50436
50497
50508
50592
50640
50662
50685
50707
50794
50842
50940
50993
51037
51126
51160
51257
51288
51332
51345
51423
51514
51540
51582
51636
51727
51764
51797
51860
51946
51972
52066
52091
52112
52133
52155
52166
52179
52258
52277
52338
52426
52499
52587
52681
52767
52836
52857
52872
52945
52982
53045
53060
53076
53148
53226
53288
53366
53464
53547
53611
53636
53732
53810
53835
53893
53929
54007
54092
54169
54268
54346
54393
54411
54455
54546
54581
