13
35
93
189
218
279
303
358
387
420
442
528
622
705
804
862
945
1024
1091
1189
1211
1232
1309
1352
1449
1460
1499
1526
1593
1626
1694
1706
1739
1775
1791
1867
1911
2000
2059
2147
2202
2213
2312
2326
2359
2458
2546
2594
2671
2682
2737
2750
2848
2927
3008
3073
3097
3118
3157
3222
3233
3332
3405
3449
3471
3497
3533
3599
3687
3742
3775
3851
3872
3953
4029
4073
4128
4210
4298
4374
4396
4407
4463
4485
4528
4577
4599
4664
4720
4753
4830
4851
4939
4972
5057
5094
5129
5228
5293
5346
5368
5414
5502
5579
5612
5700
5749
5774
5862
5906
5961
6060
6071
6123
6222
6233
6294
6312
6356
6404
6448
6481
6533
6598
6637
6692
6735
6822
6921
6994
7016
7112
7205
7238
7297
7368
7406
7497
7563
7618
7662
7761
7860
7915
8002
8046
8090
8186
8252
8296
8383
8400
8488
8550
8613
8657
8686
8754
8771
8870
8909
8940
8969
8995
9039
9083
9106
9205
9220
9269
9280
9354
9402
9490
9581
9613
9702
9735
9812
9899
9954
10031
10053
10152
10185
10218
10267
10330
10345
10440
10455
10548
10602
10659
10703
10779
10878
10977
11054
11153
11198
11264
11319
11347
11413
11459
11558
11569
11585
11624
11710
11798
11843
11930
11952
12029
12113
12155
12184
12272
12305
12393
12469
12503
12598
12697
12710
12748
12821
12865
12887
12931
12964
13057
13141
13222
13294
13350
13417
13516
13538
13607
13621
13665
13764
13807
13836
13888
13954
13997
14038
14096
14150
14203
14249
14282
14345
14378
14400
14499
14596
14690
14702
14724
14768
14832
14887
14905
14926
14964
14975
15019
15030
15109
15180
15202
15291
15367
15456
15533
15587
15658
15699
15787
15842
15930
15985
16057
16099
16163
16178
16200
16261
16297
16378
16449
16483
16570
16585
16598
16675
16763
16817
16903
16964
17019
17094
17131
17186
17274
17338
17355
17377
17445
17533
17591
17613
17701
17757
17768
17807
17840
17906
17950
17982
18034
18056
18110
18208
18293
18315
18326
18381
18432
18518
18551
18580
18632
18687
18731
18786
18852
18893
18974
19028
19077
19143
19206
19217
19282
19370
19381
19436
19479
19568
19623
19722
19766
19778
19877
19940
20029
20083
20144
20182
20193
20226
20248
20259
20347
20402
20494
20593
20615
20637
20729
20762
20861
20916
20938
20959
21015
21114
21158
21174
21240
21286
21341
21354
21365
21457
21523
21534
21633
21702
21767
21844
21931
21952
22043
22109
22208
22303
22374
22413
22475
22486
22528
22581
22644
22729
22811
22825
22924
23012
23097
23166
23193
23270
23348
23417
23428
23440
23502
23590
23631
23709
23752
23775
23828
23850
23926
23970
24053
24131
24222
24310
24392
24436
24474
24488
24521
24576
24662
24739
24784
24798
24857
24874
24957
24991
25024
25117
25172
25265
25349
25363
25412
25436
25500
25522
25566
25602
25638
25719
25803
25822
25888
25932
25979
26042
26081
26137
26222
26311
26404
26420
26486
26541
26596
26684
26768
26836
26873
26939
27038
27119
27152
27185
27218
27262
27353
27378
27427
27489
27577
27599
27613
27688
27774
27863
27950
28044
28119
28158
28246
28290
28383
28462
28528
28610
28698
28713
28776
28844
28877
28964
28975
29074
29173
29195
29253
29308
29390
29471
29498
29527
29593
29662
29673
29706
29794
29882
29910
29981
30058
30145
30163
30250
30314
30341
30440
30453
30486
30585
30676
30742
30819
30841
30859
30892
30976
31013
31035
31058
31139
31237
31271
31282
31336
31361
31383
31394
31412
31453
31495
31572
31649
31737
31795
31861
31920
32014
32113
32141
32195
32281
32295
32328
32372
32409
32431
32522
32566
32643
32726
32759
32824
32839
32913
32952
32999
33031
33117
33163
33174
33243
33311
33377
33399
33410
33421
33499
33521
33609
33663
33740
33772
33805
33893
33908
33952
33996
34070
34145
34161
34260
34316
34387
34405
34454
34509
34537
34559
34604
34650
34661
34677
34752
34835
34848
34940
34984
35039
35086
35127
35149
35164
35178
35211
35266
35309
35320
35379
35445
35522
35535
35568
35661
35717
35792
35836
35921
35966
36001
36056
36144
36196
36229
36317
36356
36399
36445
36456
36522
36555
36647
36708
36752
36844
36866
36900
36919
36952
37023
37056
37099
37174
37227
37281
37376
37475
37539
37572
37616
37703
37738
37759
37774
37826
37907
37951
37983
38049
38114
38125
38177
38256
38344
38380
38416
38493
38526
38558
38580
38602
38686
38783
38830
38902
38957
39023
39109
39144
39232
39295
39346
39417
39446
39487
39564
39630
39684
39772
39849
39948
40003
40094
40177
40264
40330
40369
40406
40457
40480
40573
40644
40710
40776
40853
40892
40958
40979
41071
41143
41242
41257
41279
41337
41381
41408
41484
41570
41658
41691
41754
41781
41869
41900
41944
41992
42027
42113
42149
42248
42280
42363
42440
42473
42570
42625
42638
42693
42712
42780
42815
42864
42919
42987
43069
43132
43187
43222
43254
43273
43350
43427
43452
43467
43556
43640
43695
43722
43733
43775
43830
43925
43947
44033
44050
44066
44090
44142
44197
44252
44300
44377
44416
44460
44493
44570
44593
44637
44698
44784
44831
44842
44917
44983
45071
45150
45161
45175
45274
45356
45445
45472
45543
45596
45628
45656
45683
45700
45784
45839
45872
45890
45934
46000
46036
46078
46122
46188
46233
46310
46365
46442
46523
46606
46685
46718
46747
46758
46782
46848
46892
46914
47003
47058
47102
47157
47256
47308
47400
47412
47431
47442
47484
47499
47523
47580
47679
47714
47725
47791
47839
47892
47975
48062
48110
48187
48209
48266
48327
48401
48442
48474
48515
48614
48708
48784
48816
48879
48971
48993
49067
49079
49101
49160
49204
49215
49272
49338
49411
49499
49545
49641
49669
49768
49824
49912
49979
50023
50099
50136
50202
50300
50344
50363
50399
50426
50503
50602
50649
50714
50791
50827
50915
51014
51036
51058
51090
51186
51233
51287
51330
51374
51463
51497
51585
51656
51700
51711
51799
51898
51964
52006
52062
52153
52180
52193
52256
52342
52365
52464
52519
52543
52564
52586
52597
52669
52698
52779
52840
52858
52891
52979
53078
53164
53233
53244
53299
53372
53409
53472
53557
53573
53645
53663
53689
53767
53861
53944
54012
54067
54095
54173
54217
54272
54308
54326
54412
54489
54588
54665
54712
54760
54804
54892
54927
